3
 
dstl 
{
'Person': (1223, 5.424224952321817), 
 'O': (15042, 66.71397525169645), 
 'Location': (1840, 8.16073091763871), 
 'Temporal': (465, 2.0623586286423916), 
 'Organisation': (3051, 13.531733711802014), 
 'DocumentReference': (189, 0.8382489909965849), 
 'Quantity': (253, 1.1221005011753227), 
 'Weapon': (183, 0.8116379119173283), 
 'MilitaryPlatform': (170, 0.7539805739122721), 
 'Nationality': (42, 0.18627755355479667), 
 'Money': (48, 0.2128886326340533), 
 'CommsIdentifier': (4, 0.017740719386171108), 
 'Vehicle': (29, 0.12862021554974054), 
 'Frequency': (8, 0.035481438772342215), 
 'sum': (22547, 100.0)
 }
 
self 
{
'O': (17545, 74.48208524367465), 
 'Weapon': (262, 1.1122431652232976), 
 'Quantity': (549, 2.3306164034640857), 
 'MilitaryPlatform': (486, 2.0631686194600105), 
 'Location': (1080, 4.584819154355578), 
 'Organisation': (1331, 5.6503650874511795), 
 'Nationality': (226, 0.9594158600781117), 
 'DocumentReference': (492, 2.088639836984208), 
 'Temporal': (470, 1.9952453727288166), 
 'Person': (1053, 4.470198675496689), 
 'Vehicle': (19, 0.08065885549329257), 
 'Money': (39, 0.16556291390728478), 
 'Frequency': (4, 0.016980811682798438), 
 'sum': (23556, 100.0)
 }
 
 
 4
 
dstl 
{
'Person': (1223, 5.424224952321817), 
 'O': (15538, 68.91382445558168), 
 'Location': (1840, 8.16073091763871), 
 'Temporal': (465, 2.0623586286423916), 
 'Organisation': (3051, 13.531733711802014), 
 'Weapon': (183, 0.8116379119173283), 
 'MilitaryPlatform': (199, 0.8826007894620127), 
 'Money': (48, 0.2128886326340533), 
 'sum': (22547, 100.0)
 }
 
self 
{
'O': (18591, 78.92256749872644), 
 'Weapon': (262, 1.1122431652232976), 
 'MilitaryPlatform': (525, 2.228731533367295), 
 'Location': (1281, 5.438104941416199), 
 'Organisation': (1333, 5.658855493292579), 
 'Temporal': (470, 1.9952453727288166), 
 'Person': (1055, 4.4786890813380875), 
 'Money': (39, 0.16556291390728478), 
 'sum': (23556, 100.0)
 }